
### MAR — Política `SDDP` (média 1000 sims)

| Dia | FilaIni | AdmIn | w_proc | Proc | FilaFim | Spill | Ocioso | AdmOut | Custo |
|----:|--------:|------:|-------:|-----:|--------:|------:|-------:|-------:|------:|
| 1 | 1200 | 3000 | 2476 | 2476 | 1724 | 524.5 | 0.0 | 1133 | 12.58M |
| 2 | 1724 | 1133 | 2492 | 2486 | 371.3 | 0.0 | 6.4 | 2486 | 3.21M |
| 3 | 371.3 | 2486 | 2493 | 2489 | 368.2 | 0.0 | 4.5 | 2489 | 1.23M |
| 4 | 368.2 | 2489 | 2485 | 2480 | 376.7 | 0.0 | 4.9 | 2480 | 1.26M |
| 5 | 376.7 | 2480 | 2478 | 2473 | 384.2 | 0.0 | 5.6 | 2473 | 1.31M |
| 6 | 384.2 | 2473 | 2479 | 2473 | 384.0 | 0.0 | 5.6 | 2473 | 1.32M |
| 7 | 384.0 | 2473 | 2495 | 2489 | 367.8 | 0.0 | 6.3 | 2489 | 1.32M |
| 8 | 367.8 | 2489 | 2468 | 2464 | 393.4 | 0.0 | 4.8 | 2464 | 1.27M |
| 9 | 393.4 | 2464 | 2477 | 2471 | 386.4 | 0.0 | 6.3 | 2471 | 1.36M |
| 10 | 386.4 | 2471 | 2497 | 2490 | 366.8 | 0.0 | 6.4 | 2490 | 1.33M |
| 11 | 366.8 | 2490 | 2478 | 2473 | 383.7 | 0.0 | 5.0 | 2473 | 1.27M |
| 12 | 383.7 | 2473 | 2490 | 2485 | 371.7 | 0.0 | 5.1 | 2485 | 1.28M |
| 13 | 371.7 | 2485 | 2486 | 2482 | 375.5 | 0.0 | 4.9 | 2482 | 1.26M |
| 14 | 375.5 | 2482 | 2474 | 2469 | 387.7 | 0.0 | 4.7 | 2469 | 1.27M |
| 15 | 387.7 | 2469 | 2481 | 2476 | 381.1 | 0.0 | 5.0 | 2476 | 1.29M |
| 16 | 381.1 | 2476 | 2476 | 2472 | 385.3 | 0.0 | 4.3 | 2472 | 1.26M |
| 17 | 385.3 | 2472 | 2475 | 2471 | 386.4 | 0.0 | 4.9 | 2471 | 1.29M |
| 18 | 386.4 | 2471 | 2464 | 2460 | 397.1 | 0.0 | 4.5 | 2460 | 1.29M |
| 19 | 397.1 | 2460 | 2477 | 2470 | 386.6 | 0.0 | 6.4 | 2470 | 1.37M |
| 20 | 386.6 | 2470 | 2494 | 2486 | 370.8 | 0.0 | 7.4 | 2486 | 1.38M |
| 21 | 370.8 | 2486 | 2486 | 2480 | 376.5 | 0.0 | 6.0 | 2480 | 1.30M |
| 22 | 376.5 | 2480 | 2469 | 2466 | 391.5 | 0.0 | 3.9 | 2466 | 1.24M |
| 23 | 391.5 | 2466 | 2490 | 2483 | 373.6 | 0.0 | 6.4 | 2483 | 1.35M |
| 24 | 373.6 | 2483 | 2481 | 2476 | 380.7 | 0.0 | 4.5 | 2476 | 1.25M |
| 25 | 380.7 | 2476 | 2458 | 2455 | 402.5 | 0.0 | 3.4 | 2455 | 1.24M |
| 26 | 402.5 | 2455 | 2479 | 2473 | 383.7 | 0.0 | 5.4 | 2473 | 1.33M |
| 27 | 383.7 | 2473 | 2465 | 2459 | 397.6 | 0.0 | 5.3 | 2459 | 1.32M |
| 28 | 397.6 | 2459 | 2476 | 2471 | 386.4 | 0.0 | 5.5 | 2471 | 1.34M |
| 29 | 386.4 | 2471 | 2481 | 2477 | 380.4 | 0.0 | 4.2 | 2545 | 1.26M |
| 30 | 380.4 | 2545 | 2489 | 2486 | 438.5 | 0.0 | 2.7 | 0.0 | 1.26M |

### MAR — Política `P_-10` (média 1000 sims)

| Dia | FilaIni | AdmIn | w_proc | Proc | FilaFim | Spill | Ocioso | AdmOut | Custo |
|----:|--------:|------:|-------:|-----:|--------:|------:|-------:|-------:|------:|
| 1 | 1200 | 3000 | 2476 | 2476 | 1724 | 524.0 | 0.0 | 2153 | 12.57M |
| 2 | 1724 | 2153 | 2492 | 2492 | 1385 | 184.7 | 0.0 | 2153 | 7.33M |
| 3 | 1385 | 2153 | 2493 | 2493 | 1044 | 0.0 | 0.0 | 2153 | 3.39M |
| 4 | 1044 | 2153 | 2485 | 2485 | 711.7 | 0.0 | 0.0 | 2153 | 2.45M |
| 5 | 711.7 | 2153 | 2478 | 2478 | 386.0 | 0.0 | 0.0 | 2153 | 1.53M |
| 6 | 386.0 | 2153 | 2479 | 2479 | 60.2 | 0.0 | 0.0 | 2153 | 622413 |
| 7 | 60.2 | 2153 | 2495 | 2213 | 0.0 | 0.0 | 282.5 | 2153 | 12.44M |
| 8 | 0.0 | 2153 | 2468 | 2153 | 0.0 | 0.0 | 315.7 | 2153 | 13.81M |
| 9 | 0.0 | 2153 | 2477 | 2153 | 0.0 | 0.0 | 324.2 | 2153 | 14.18M |
| 10 | 0.0 | 2153 | 2497 | 2153 | 0.0 | 0.0 | 343.9 | 2153 | 15.05M |
| 11 | 0.0 | 2153 | 2478 | 2153 | 0.0 | 0.0 | 325.6 | 2153 | 14.24M |
| 12 | 0.0 | 2153 | 2490 | 2153 | 0.0 | 0.0 | 337.7 | 2153 | 14.77M |
| 13 | 0.0 | 2153 | 2486 | 2153 | 0.0 | 0.0 | 333.7 | 2153 | 14.60M |
| 14 | 0.0 | 2153 | 2474 | 2153 | 0.0 | 0.0 | 321.3 | 2153 | 14.06M |
| 15 | 0.0 | 2153 | 2481 | 2153 | 0.0 | 0.0 | 328.2 | 2153 | 14.36M |
| 16 | 0.0 | 2153 | 2476 | 2153 | 0.0 | 0.0 | 323.2 | 2153 | 14.14M |
| 17 | 0.0 | 2153 | 2475 | 2153 | 0.0 | 0.0 | 322.7 | 2153 | 14.12M |
| 18 | 0.0 | 2153 | 2464 | 2153 | 0.0 | 0.0 | 311.6 | 2153 | 13.63M |
| 19 | 0.0 | 2153 | 2477 | 2153 | 0.0 | 0.0 | 324.0 | 2153 | 14.18M |
| 20 | 0.0 | 2153 | 2494 | 2153 | 0.0 | 0.0 | 340.9 | 2153 | 14.92M |
| 21 | 0.0 | 2153 | 2486 | 2153 | 0.0 | 0.0 | 333.7 | 2153 | 14.60M |
| 22 | 0.0 | 2153 | 2469 | 2153 | 0.0 | 0.0 | 316.6 | 2153 | 13.85M |
| 23 | 0.0 | 2153 | 2490 | 2153 | 0.0 | 0.0 | 337.1 | 2153 | 14.75M |
| 24 | 0.0 | 2153 | 2481 | 2153 | 0.0 | 0.0 | 328.1 | 2153 | 14.35M |
| 25 | 0.0 | 2153 | 2458 | 2153 | 0.0 | 0.0 | 305.2 | 2153 | 13.35M |
| 26 | 0.0 | 2153 | 2479 | 2153 | 0.0 | 0.0 | 325.9 | 2153 | 14.26M |
| 27 | 0.0 | 2153 | 2465 | 2153 | 0.0 | 0.0 | 311.9 | 2153 | 13.65M |
| 28 | 0.0 | 2153 | 2476 | 2153 | 0.0 | 0.0 | 323.3 | 2153 | 14.15M |
| 29 | 0.0 | 2153 | 2481 | 2153 | 0.0 | 0.0 | 328.1 | 2153 | 14.36M |
| 30 | 0.0 | 2153 | 2489 | 2153 | 0.0 | 0.0 | 336.4 | 2153 | 14.72M |

### MAR — Política `P_-5` (média 1000 sims)

| Dia | FilaIni | AdmIn | w_proc | Proc | FilaFim | Spill | Ocioso | AdmOut | Custo |
|----:|--------:|------:|-------:|-----:|--------:|------:|-------:|-------:|------:|
| 1 | 1200 | 3000 | 2476 | 2476 | 1724 | 524.0 | 0.0 | 2272 | 12.57M |
| 2 | 1724 | 2272 | 2492 | 2492 | 1504 | 304.3 | 0.0 | 2272 | 9.44M |
| 3 | 1504 | 2272 | 2493 | 2493 | 1283 | 83.3 | 0.0 | 2272 | 5.24M |
| 4 | 1283 | 2272 | 2485 | 2485 | 1070 | 0.0 | 0.0 | 2272 | 3.28M |
| 5 | 1070 | 2272 | 2478 | 2478 | 864.4 | 0.0 | 0.0 | 2272 | 2.70M |
| 6 | 864.4 | 2272 | 2479 | 2479 | 658.2 | 0.0 | 0.0 | 2272 | 2.12M |
| 7 | 658.2 | 2272 | 2495 | 2495 | 435.1 | 0.0 | 0.0 | 2272 | 1.53M |
| 8 | 435.1 | 2272 | 2468 | 2468 | 239.0 | 0.0 | 0.0 | 2272 | 940391 |
| 9 | 239.0 | 2272 | 2477 | 2477 | 34.4 | 0.0 | 0.0 | 2272 | 381468 |
| 10 | 34.4 | 2272 | 2497 | 2307 | 0.0 | 0.0 | 189.8 | 2272 | 8.35M |
| 11 | 0.0 | 2272 | 2478 | 2272 | 0.0 | 0.0 | 206.0 | 2272 | 9.01M |
| 12 | 0.0 | 2272 | 2490 | 2272 | 0.0 | 0.0 | 218.1 | 2272 | 9.54M |
| 13 | 0.0 | 2272 | 2486 | 2272 | 0.0 | 0.0 | 214.1 | 2272 | 9.37M |
| 14 | 0.0 | 2272 | 2474 | 2272 | 0.0 | 0.0 | 201.7 | 2272 | 8.82M |
| 15 | 0.0 | 2272 | 2481 | 2272 | 0.0 | 0.0 | 208.6 | 2272 | 9.13M |
| 16 | 0.0 | 2272 | 2476 | 2272 | 0.0 | 0.0 | 203.6 | 2272 | 8.91M |
| 17 | 0.0 | 2272 | 2475 | 2272 | 0.0 | 0.0 | 203.1 | 2272 | 8.89M |
| 18 | 0.0 | 2272 | 2464 | 2272 | 0.0 | 0.0 | 192.0 | 2272 | 8.40M |
| 19 | 0.0 | 2272 | 2477 | 2272 | 0.0 | 0.0 | 204.4 | 2272 | 8.94M |
| 20 | 0.0 | 2272 | 2494 | 2272 | 0.0 | 0.0 | 221.3 | 2272 | 9.68M |
| 21 | 0.0 | 2272 | 2486 | 2272 | 0.0 | 0.0 | 214.1 | 2272 | 9.37M |
| 22 | 0.0 | 2272 | 2469 | 2272 | 0.0 | 0.0 | 197.0 | 2272 | 8.62M |
| 23 | 0.0 | 2272 | 2490 | 2272 | 0.0 | 0.0 | 217.5 | 2272 | 9.52M |
| 24 | 0.0 | 2272 | 2481 | 2272 | 0.0 | 0.0 | 208.5 | 2272 | 9.12M |
| 25 | 0.0 | 2272 | 2458 | 2272 | 0.0 | 0.0 | 185.6 | 2272 | 8.12M |
| 26 | 0.0 | 2272 | 2479 | 2272 | 0.0 | 0.0 | 206.3 | 2272 | 9.03M |
| 27 | 0.0 | 2272 | 2465 | 2272 | 0.0 | 0.0 | 192.3 | 2272 | 8.41M |
| 28 | 0.0 | 2272 | 2476 | 2272 | 0.0 | 0.0 | 203.8 | 2272 | 8.91M |
| 29 | 0.0 | 2272 | 2481 | 2272 | 0.0 | 0.0 | 208.5 | 2272 | 9.12M |
| 30 | 0.0 | 2272 | 2489 | 2272 | 0.0 | 0.0 | 216.8 | 2272 | 9.49M |

### MAR — Política `P_0` (média 1000 sims)

| Dia | FilaIni | AdmIn | w_proc | Proc | FilaFim | Spill | Ocioso | AdmOut | Custo |
|----:|--------:|------:|-------:|-----:|--------:|------:|-------:|-------:|------:|
| 1 | 1200 | 3000 | 2476 | 2476 | 1724 | 524.0 | 0.0 | 2392 | 12.57M |
| 2 | 1724 | 2392 | 2492 | 2492 | 1624 | 423.9 | 0.0 | 2392 | 11.54M |
| 3 | 1624 | 2392 | 2493 | 2493 | 1523 | 322.5 | 0.0 | 2392 | 9.62M |
| 4 | 1523 | 2392 | 2485 | 2485 | 1429 | 229.3 | 0.0 | 2392 | 7.83M |
| 5 | 1429 | 2392 | 2478 | 2478 | 1343 | 142.8 | 0.0 | 2392 | 6.18M |
| 6 | 1343 | 2392 | 2479 | 2479 | 1256 | 56.1 | 0.0 | 2392 | 4.54M |
| 7 | 1256 | 2392 | 2495 | 2495 | 1153 | 0.0 | 0.0 | 2392 | 3.36M |
| 8 | 1153 | 2392 | 2468 | 2468 | 1076 | 0.0 | 0.0 | 2392 | 3.11M |
| 9 | 1076 | 2392 | 2477 | 2477 | 991.2 | 0.0 | 0.0 | 2392 | 2.88M |
| 10 | 991.2 | 2392 | 2497 | 2497 | 886.5 | 0.0 | 0.0 | 2392 | 2.62M |
| 11 | 886.5 | 2392 | 2478 | 2478 | 800.2 | 0.0 | 0.0 | 2392 | 2.35M |
| 12 | 800.2 | 2392 | 2490 | 2490 | 701.7 | 0.0 | 0.0 | 2392 | 2.10M |
| 13 | 701.7 | 2392 | 2486 | 2486 | 607.1 | 0.0 | 0.0 | 2392 | 1.83M |
| 14 | 607.1 | 2392 | 2474 | 2474 | 525.1 | 0.0 | 0.0 | 2392 | 1.58M |
| 15 | 525.1 | 2392 | 2481 | 2481 | 436.1 | 0.0 | 0.0 | 2392 | 1.34M |
| 16 | 436.1 | 2392 | 2476 | 2476 | 352.1 | 0.0 | 0.0 | 2392 | 1.10M |
| 17 | 352.1 | 2392 | 2475 | 2475 | 268.5 | 0.0 | 0.0 | 2392 | 865769 |
| 18 | 268.5 | 2392 | 2464 | 2464 | 196.1 | 0.0 | 0.0 | 2392 | 648191 |
| 19 | 196.1 | 2392 | 2477 | 2477 | 111.3 | 0.0 | 0.0 | 2392 | 428804 |
| 20 | 111.3 | 2392 | 2494 | 2494 | 9.5 | 0.0 | 0.0 | 2392 | 168518 |
| 21 | 9.5 | 2392 | 2486 | 2401 | 0.0 | 0.0 | 85.0 | 2392 | 3.73M |
| 22 | 0.0 | 2392 | 2469 | 2392 | 0.0 | 0.0 | 77.4 | 2392 | 3.39M |
| 23 | 0.0 | 2392 | 2490 | 2392 | 0.0 | 0.0 | 97.9 | 2392 | 4.28M |
| 24 | 0.0 | 2392 | 2481 | 2392 | 0.0 | 0.0 | 88.9 | 2392 | 3.89M |
| 25 | 0.0 | 2392 | 2458 | 2392 | 0.0 | 0.0 | 66.0 | 2392 | 2.89M |
| 26 | 0.0 | 2392 | 2479 | 2392 | 0.0 | 0.0 | 86.7 | 2392 | 3.79M |
| 27 | 0.0 | 2392 | 2465 | 2392 | 0.0 | 0.0 | 72.7 | 2392 | 3.18M |
| 28 | 0.0 | 2392 | 2476 | 2392 | 0.0 | 0.0 | 84.2 | 2392 | 3.68M |
| 29 | 0.0 | 2392 | 2481 | 2392 | 0.0 | 0.0 | 88.9 | 2392 | 3.89M |
| 30 | 0.0 | 2392 | 2489 | 2392 | 0.0 | 0.0 | 97.2 | 2392 | 4.25M |

### MAR — Política `P_+5` (média 1000 sims)

| Dia | FilaIni | AdmIn | w_proc | Proc | FilaFim | Spill | Ocioso | AdmOut | Custo |
|----:|--------:|------:|-------:|-----:|--------:|------:|-------:|-------:|------:|
| 1 | 1200 | 3000 | 2476 | 2476 | 1724 | 524.0 | 0.0 | 2512 | 12.57M |
| 2 | 1724 | 2512 | 2492 | 2492 | 1743 | 543.5 | 0.0 | 2512 | 13.65M |
| 3 | 1743 | 2512 | 2493 | 2493 | 1762 | 561.7 | 0.0 | 2512 | 14.00M |
| 4 | 1762 | 2512 | 2485 | 2485 | 1788 | 588.0 | 0.0 | 2512 | 14.48M |
| 5 | 1788 | 2512 | 2478 | 2478 | 1821 | 621.2 | 0.0 | 2512 | 15.10M |
| 6 | 1821 | 2512 | 2479 | 2479 | 1854 | 654.1 | 0.0 | 2512 | 15.73M |
| 7 | 1854 | 2512 | 2495 | 2495 | 1870 | 670.3 | 0.0 | 2512 | 16.06M |
| 8 | 1870 | 2512 | 2468 | 2468 | 1913 | 713.4 | 0.0 | 2512 | 16.84M |
| 9 | 1913 | 2512 | 2477 | 2477 | 1948 | 748.0 | 0.0 | 2512 | 17.51M |
| 10 | 1948 | 2512 | 2497 | 2497 | 1963 | 762.9 | 0.0 | 2512 | 17.82M |
| 11 | 1963 | 2512 | 2478 | 2478 | 1996 | 796.1 | 0.0 | 2512 | 18.43M |
| 12 | 1996 | 2512 | 2490 | 2490 | 2017 | 817.3 | 0.0 | 2512 | 18.85M |
| 13 | 2017 | 2512 | 2486 | 2486 | 2042 | 842.3 | 0.0 | 2512 | 19.32M |
| 14 | 2042 | 2512 | 2474 | 2474 | 2080 | 879.8 | 0.0 | 2512 | 20.01M |
| 15 | 2080 | 2512 | 2481 | 2481 | 2110 | 910.5 | 0.0 | 2512 | 20.60M |
| 16 | 2110 | 2512 | 2476 | 2476 | 2146 | 946.0 | 0.0 | 2512 | 21.27M |
| 17 | 2146 | 2512 | 2475 | 2475 | 2182 | 982.1 | 0.0 | 2512 | 21.96M |
| 18 | 2182 | 2512 | 2464 | 2464 | 2229 | 1029 | 0.0 | 2512 | 22.84M |
| 19 | 2229 | 2512 | 2477 | 2477 | 2264 | 1064 | 0.0 | 2512 | 23.52M |
| 20 | 2264 | 2512 | 2494 | 2494 | 2282 | 1082 | 0.0 | 2512 | 23.88M |
| 21 | 2282 | 2512 | 2486 | 2486 | 2307 | 1107 | 0.0 | 2512 | 24.35M |
| 22 | 2307 | 2512 | 2469 | 2469 | 2349 | 1149 | 0.0 | 2512 | 25.12M |
| 23 | 2349 | 2512 | 2490 | 2490 | 2371 | 1171 | 0.0 | 2512 | 25.56M |
| 24 | 2371 | 2512 | 2481 | 2481 | 2402 | 1202 | 0.0 | 2512 | 26.14M |
| 25 | 2402 | 2512 | 2458 | 2458 | 2455 | 1255 | 0.0 | 2512 | 27.12M |
| 26 | 2455 | 2512 | 2479 | 2479 | 2488 | 1288 | 0.0 | 2512 | 27.78M |
| 27 | 2488 | 2512 | 2465 | 2465 | 2535 | 1335 | 0.0 | 2512 | 28.65M |
| 28 | 2535 | 2512 | 2476 | 2476 | 2570 | 1370 | 0.0 | 2512 | 29.34M |
| 29 | 2570 | 2512 | 2481 | 2481 | 2601 | 1401 | 0.0 | 2512 | 29.93M |
| 30 | 2601 | 2512 | 2489 | 2489 | 2623 | 1423 | 0.0 | 2512 | 30.36M |

### MAR — Política `P_+10` (média 1000 sims)

| Dia | FilaIni | AdmIn | w_proc | Proc | FilaFim | Spill | Ocioso | AdmOut | Custo |
|----:|--------:|------:|-------:|-----:|--------:|------:|-------:|-------:|------:|
| 1 | 1200 | 3000 | 2476 | 2476 | 1724 | 524.0 | 0.0 | 2631 | 12.57M |
| 2 | 1724 | 2631 | 2492 | 2492 | 1863 | 663.0 | 0.0 | 2631 | 15.75M |
| 3 | 1863 | 2631 | 2493 | 2493 | 2001 | 800.9 | 0.0 | 2631 | 18.37M |
| 4 | 2001 | 2631 | 2485 | 2485 | 2147 | 946.8 | 0.0 | 2631 | 21.14M |
| 5 | 2147 | 2631 | 2478 | 2478 | 2300 | 1100 | 0.0 | 2631 | 24.03M |
| 6 | 2300 | 2631 | 2479 | 2479 | 2452 | 1252 | 0.0 | 2631 | 26.93M |
| 7 | 2452 | 2631 | 2495 | 2495 | 2588 | 1388 | 0.0 | 2631 | 29.53M |
| 8 | 2588 | 2631 | 2468 | 2468 | 2751 | 1551 | 0.0 | 2631 | 32.58M |
| 9 | 2751 | 2631 | 2477 | 2477 | 2905 | 1705 | 0.0 | 2631 | 35.53M |
| 10 | 2905 | 2631 | 2497 | 2497 | 3039 | 1839 | 0.0 | 2631 | 38.11M |
| 11 | 3039 | 2631 | 2478 | 2478 | 3192 | 1992 | 0.0 | 2631 | 40.99M |
| 12 | 3192 | 2631 | 2490 | 2490 | 3333 | 2133 | 0.0 | 2631 | 43.68M |
| 13 | 3333 | 2631 | 2486 | 2486 | 3477 | 2277 | 0.0 | 2631 | 46.42M |
| 14 | 3477 | 2631 | 2474 | 2474 | 3635 | 2435 | 0.0 | 2631 | 49.39M |
| 15 | 3635 | 2631 | 2481 | 2481 | 3785 | 2585 | 0.0 | 2631 | 52.25M |
| 16 | 3785 | 2631 | 2476 | 2476 | 3940 | 2740 | 0.0 | 2631 | 55.19M |
| 17 | 3940 | 2631 | 2475 | 2475 | 4096 | 2896 | 0.0 | 2631 | 58.15M |
| 18 | 4096 | 2631 | 2464 | 2464 | 4262 | 3062 | 0.0 | 2631 | 61.30M |
| 19 | 4262 | 2631 | 2477 | 2477 | 4417 | 3217 | 0.0 | 2631 | 64.25M |
| 20 | 4417 | 2631 | 2494 | 2494 | 4554 | 3354 | 0.0 | 2631 | 66.89M |
| 21 | 4554 | 2631 | 2486 | 2486 | 4699 | 3499 | 0.0 | 2631 | 69.63M |
| 22 | 4699 | 2631 | 2469 | 2469 | 4861 | 3661 | 0.0 | 2631 | 72.68M |
| 23 | 4861 | 2631 | 2490 | 2490 | 5002 | 3802 | 0.0 | 2631 | 75.39M |
| 24 | 5002 | 2631 | 2481 | 2481 | 5152 | 3952 | 0.0 | 2631 | 78.24M |
| 25 | 5152 | 2631 | 2458 | 2458 | 5325 | 4125 | 0.0 | 2631 | 81.49M |
| 26 | 5325 | 2631 | 2479 | 2479 | 5478 | 4278 | 0.0 | 2631 | 84.42M |
| 27 | 5478 | 2631 | 2465 | 2465 | 5644 | 4444 | 0.0 | 2631 | 87.56M |
| 28 | 5644 | 2631 | 2476 | 2476 | 5799 | 4599 | 0.0 | 2631 | 90.53M |
| 29 | 5799 | 2631 | 2481 | 2481 | 5950 | 4750 | 0.0 | 2631 | 93.39M |
| 30 | 5950 | 2631 | 2489 | 2489 | 6092 | 4892 | 0.0 | 2631 | 96.10M |

### JUL — Política `SDDP` (média 1000 sims)

| Dia | FilaIni | AdmIn | w_proc | Proc | FilaFim | Spill | Ocioso | AdmOut | Custo |
|----:|--------:|------:|-------:|-----:|--------:|------:|-------:|-------:|------:|
| 1 | 1200 | 3000 | 2095 | 2095 | 2105 | 937.5 | 0.0 | 789.2 | 19.81M |
| 2 | 2105 | 789.2 | 2082 | 2038 | 855.9 | 127.2 | 44.1 | 1988 | 8.12M |
| 3 | 855.9 | 1988 | 2101 | 2054 | 789.6 | 106.0 | 46.5 | 2054 | 6.05M |
| 4 | 789.6 | 2054 | 2114 | 2059 | 784.7 | 106.6 | 55.2 | 2059 | 6.34M |
| 5 | 784.7 | 2059 | 2093 | 2040 | 804.3 | 110.5 | 53.5 | 2040 | 6.35M |
| 6 | 804.3 | 2040 | 2079 | 2035 | 809.2 | 109.4 | 44.4 | 2035 | 5.97M |
| 7 | 809.2 | 2035 | 2133 | 2078 | 765.8 | 101.1 | 55.2 | 2078 | 6.25M |
| 8 | 765.8 | 2078 | 2110 | 2055 | 789.3 | 105.3 | 55.4 | 2055 | 6.30M |
| 9 | 789.3 | 2055 | 2103 | 2047 | 797.0 | 117.3 | 56.5 | 2047 | 6.59M |
| 10 | 797.0 | 2047 | 2082 | 2032 | 812.1 | 117.1 | 50.0 | 2032 | 6.33M |
| 11 | 812.1 | 2032 | 2101 | 2045 | 798.8 | 111.0 | 55.6 | 2045 | 6.48M |
| 12 | 798.8 | 2045 | 2100 | 2044 | 799.6 | 115.1 | 55.5 | 2044 | 6.52M |
| 13 | 799.6 | 2044 | 2091 | 2033 | 810.7 | 119.8 | 57.8 | 2033 | 6.72M |
| 14 | 810.7 | 2033 | 2117 | 2064 | 779.9 | 103.9 | 52.5 | 2064 | 6.20M |
| 15 | 779.9 | 2064 | 2112 | 2068 | 776.4 | 102.0 | 44.3 | 2068 | 5.76M |
| 16 | 776.4 | 2068 | 2137 | 2076 | 767.9 | 96.5 | 61.3 | 2076 | 6.40M |
| 17 | 767.9 | 2076 | 2101 | 2049 | 794.6 | 104.1 | 51.7 | 2049 | 6.13M |
| 18 | 794.6 | 2049 | 2112 | 2049 | 794.6 | 112.3 | 62.4 | 2049 | 6.77M |
| 19 | 794.6 | 2049 | 2038 | 1993 | 850.8 | 126.0 | 44.8 | 1993 | 6.30M |
| 20 | 850.8 | 1993 | 2109 | 2055 | 789.0 | 112.1 | 54.4 | 2055 | 6.48M |
| 21 | 789.0 | 2055 | 2113 | 2059 | 785.0 | 107.3 | 54.0 | 2059 | 6.30M |
| 22 | 785.0 | 2059 | 2061 | 2014 | 830.2 | 120.7 | 46.8 | 2014 | 6.26M |
| 23 | 830.2 | 2014 | 2068 | 2014 | 829.9 | 116.5 | 54.2 | 2014 | 6.58M |
| 24 | 829.9 | 2014 | 2104 | 2053 | 790.6 | 105.5 | 50.3 | 2053 | 6.17M |
| 25 | 790.6 | 2053 | 2104 | 2060 | 783.9 | 98.7 | 43.5 | 2060 | 5.70M |
| 26 | 783.9 | 2060 | 2074 | 2027 | 816.8 | 112.5 | 47.1 | 2027 | 6.12M |
| 27 | 816.8 | 2027 | 2070 | 2026 | 818.2 | 117.0 | 44.0 | 2026 | 6.10M |
| 28 | 818.2 | 2026 | 2093 | 2048 | 796.0 | 111.6 | 44.7 | 2048 | 6.02M |
| 29 | 796.0 | 2048 | 2085 | 2033 | 810.7 | 114.7 | 52.1 | 2082 | 6.38M |
| 30 | 810.7 | 2082 | 2173 | 2119 | 774.1 | 98.5 | 54.3 | 0.0 | 6.19M |

### JUL — Política `P_-10` (média 1000 sims)

| Dia | FilaIni | AdmIn | w_proc | Proc | FilaFim | Spill | Ocioso | AdmOut | Custo |
|----:|--------:|------:|-------:|-----:|--------:|------:|-------:|-------:|------:|
| 1 | 1200 | 3000 | 2095 | 2095 | 2105 | 904.7 | 0.0 | 1777 | 19.28M |
| 2 | 2105 | 1777 | 2082 | 2082 | 1799 | 599.4 | 0.0 | 1777 | 15.16M |
| 3 | 1799 | 1777 | 2101 | 2101 | 1475 | 275.1 | 0.0 | 1777 | 9.03M |
| 4 | 1475 | 1777 | 2114 | 2114 | 1137 | 0.0 | 0.0 | 1777 | 3.64M |
| 5 | 1137 | 1777 | 2093 | 2093 | 820.8 | 0.0 | 0.0 | 1777 | 2.73M |
| 6 | 820.8 | 1777 | 2079 | 2079 | 518.2 | 0.0 | 0.0 | 1777 | 1.87M |
| 7 | 518.2 | 1777 | 2133 | 2133 | 161.5 | 0.0 | 0.0 | 1777 | 948151 |
| 8 | 161.5 | 1777 | 2110 | 1938 | 0.0 | 0.0 | 171.9 | 1777 | 7.75M |
| 9 | 0.0 | 1777 | 2103 | 1777 | 0.0 | 0.0 | 326.7 | 1777 | 14.29M |
| 10 | 0.0 | 1777 | 2082 | 1777 | 0.0 | 0.0 | 305.2 | 1777 | 13.36M |
| 11 | 0.0 | 1777 | 2101 | 1777 | 0.0 | 0.0 | 324.1 | 1777 | 14.18M |
| 12 | 0.0 | 1777 | 2100 | 1777 | 0.0 | 0.0 | 323.2 | 1777 | 14.14M |
| 13 | 0.0 | 1777 | 2091 | 1777 | 0.0 | 0.0 | 314.4 | 1777 | 13.76M |
| 14 | 0.0 | 1777 | 2117 | 1777 | 0.0 | 0.0 | 339.8 | 1777 | 14.87M |
| 15 | 0.0 | 1777 | 2112 | 1777 | 0.0 | 0.0 | 335.2 | 1777 | 14.66M |
| 16 | 0.0 | 1777 | 2137 | 1777 | 0.0 | 0.0 | 360.7 | 1777 | 15.78M |
| 17 | 0.0 | 1777 | 2101 | 1777 | 0.0 | 0.0 | 324.4 | 1777 | 14.19M |
| 18 | 0.0 | 1777 | 2112 | 1777 | 0.0 | 0.0 | 335.0 | 1777 | 14.66M |
| 19 | 0.0 | 1777 | 2038 | 1777 | 0.0 | 0.0 | 261.3 | 1777 | 11.43M |
| 20 | 0.0 | 1777 | 2109 | 1777 | 0.0 | 0.0 | 332.6 | 1777 | 14.55M |
| 21 | 0.0 | 1777 | 2113 | 1777 | 0.0 | 0.0 | 336.3 | 1777 | 14.72M |
| 22 | 0.0 | 1777 | 2061 | 1777 | 0.0 | 0.0 | 283.9 | 1777 | 12.42M |
| 23 | 0.0 | 1777 | 2068 | 1777 | 0.0 | 0.0 | 291.6 | 1777 | 12.76M |
| 24 | 0.0 | 1777 | 2104 | 1777 | 0.0 | 0.0 | 327.0 | 1777 | 14.31M |
| 25 | 0.0 | 1777 | 2104 | 1777 | 0.0 | 0.0 | 326.9 | 1777 | 14.30M |
| 26 | 0.0 | 1777 | 2074 | 1777 | 0.0 | 0.0 | 297.6 | 1777 | 13.02M |
| 27 | 0.0 | 1777 | 2070 | 1777 | 0.0 | 0.0 | 293.1 | 1777 | 12.82M |
| 28 | 0.0 | 1777 | 2093 | 1777 | 0.0 | 0.0 | 316.0 | 1777 | 13.82M |
| 29 | 0.0 | 1777 | 2085 | 1777 | 0.0 | 0.0 | 308.7 | 1777 | 13.51M |
| 30 | 0.0 | 1777 | 2173 | 1777 | 0.0 | 0.0 | 396.5 | 1777 | 17.35M |

### JUL — Política `P_-5` (média 1000 sims)

| Dia | FilaIni | AdmIn | w_proc | Proc | FilaFim | Spill | Ocioso | AdmOut | Custo |
|----:|--------:|------:|-------:|-----:|--------:|------:|-------:|-------:|------:|
| 1 | 1200 | 3000 | 2095 | 2095 | 2105 | 904.7 | 0.0 | 1875 | 19.28M |
| 2 | 2105 | 1875 | 2082 | 2082 | 1898 | 698.1 | 0.0 | 1875 | 16.90M |
| 3 | 1898 | 1875 | 2101 | 2101 | 1673 | 472.5 | 0.0 | 1875 | 12.64M |
| 4 | 1673 | 1875 | 2114 | 2114 | 1433 | 233.4 | 0.0 | 1875 | 8.12M |
| 5 | 1433 | 1875 | 2093 | 2093 | 1216 | 15.6 | 0.0 | 1875 | 3.95M |
| 6 | 1216 | 1875 | 2079 | 2079 | 1012 | 0.0 | 0.0 | 1875 | 3.11M |
| 7 | 1012 | 1875 | 2133 | 2133 | 753.7 | 0.0 | 0.0 | 1875 | 2.46M |
| 8 | 753.7 | 1875 | 2110 | 2110 | 519.0 | 0.0 | 0.0 | 1875 | 1.78M |
| 9 | 519.0 | 1875 | 2103 | 2103 | 291.0 | 0.0 | 0.0 | 1875 | 1.13M |
| 10 | 291.0 | 1875 | 2082 | 2082 | 84.5 | 0.0 | 0.0 | 1875 | 523778 |
| 11 | 84.5 | 1875 | 2101 | 1960 | 0.0 | 0.0 | 141.0 | 1875 | 6.29M |
| 12 | 0.0 | 1875 | 2100 | 1875 | 0.0 | 0.0 | 224.5 | 1875 | 9.82M |
| 13 | 0.0 | 1875 | 2091 | 1875 | 0.0 | 0.0 | 215.7 | 1875 | 9.44M |
| 14 | 0.0 | 1875 | 2117 | 1875 | 0.0 | 0.0 | 241.1 | 1875 | 10.55M |
| 15 | 0.0 | 1875 | 2112 | 1875 | 0.0 | 0.0 | 236.5 | 1875 | 10.35M |
| 16 | 0.0 | 1875 | 2137 | 1875 | 0.0 | 0.0 | 262.0 | 1875 | 11.46M |
| 17 | 0.0 | 1875 | 2101 | 1875 | 0.0 | 0.0 | 225.7 | 1875 | 9.87M |
| 18 | 0.0 | 1875 | 2112 | 1875 | 0.0 | 0.0 | 236.3 | 1875 | 10.34M |
| 19 | 0.0 | 1875 | 2038 | 1875 | 0.0 | 0.0 | 162.6 | 1875 | 7.12M |
| 20 | 0.0 | 1875 | 2109 | 1875 | 0.0 | 0.0 | 233.9 | 1875 | 10.24M |
| 21 | 0.0 | 1875 | 2113 | 1875 | 0.0 | 0.0 | 237.6 | 1875 | 10.40M |
| 22 | 0.0 | 1875 | 2061 | 1875 | 0.0 | 0.0 | 185.2 | 1875 | 8.10M |
| 23 | 0.0 | 1875 | 2068 | 1875 | 0.0 | 0.0 | 192.9 | 1875 | 8.44M |
| 24 | 0.0 | 1875 | 2104 | 1875 | 0.0 | 0.0 | 228.3 | 1875 | 9.99M |
| 25 | 0.0 | 1875 | 2104 | 1875 | 0.0 | 0.0 | 228.2 | 1875 | 9.98M |
| 26 | 0.0 | 1875 | 2074 | 1875 | 0.0 | 0.0 | 198.9 | 1875 | 8.70M |
| 27 | 0.0 | 1875 | 2070 | 1875 | 0.0 | 0.0 | 194.4 | 1875 | 8.50M |
| 28 | 0.0 | 1875 | 2093 | 1875 | 0.0 | 0.0 | 217.3 | 1875 | 9.51M |
| 29 | 0.0 | 1875 | 2085 | 1875 | 0.0 | 0.0 | 210.0 | 1875 | 9.19M |
| 30 | 0.0 | 1875 | 2173 | 1875 | 0.0 | 0.0 | 297.8 | 1875 | 13.03M |

### JUL — Política `P_0` (média 1000 sims)

| Dia | FilaIni | AdmIn | w_proc | Proc | FilaFim | Spill | Ocioso | AdmOut | Custo |
|----:|--------:|------:|-------:|-----:|--------:|------:|-------:|-------:|------:|
| 1 | 1200 | 3000 | 2095 | 2095 | 2105 | 904.7 | 0.0 | 1974 | 19.28M |
| 2 | 2105 | 1974 | 2082 | 2082 | 1997 | 796.8 | 0.0 | 1974 | 18.64M |
| 3 | 1997 | 1974 | 2101 | 2101 | 1870 | 669.9 | 0.0 | 1974 | 16.25M |
| 4 | 1870 | 1974 | 2114 | 2114 | 1730 | 529.5 | 0.0 | 1974 | 13.61M |
| 5 | 1730 | 1974 | 2093 | 2093 | 1610 | 410.4 | 0.0 | 1974 | 11.31M |
| 6 | 1610 | 1974 | 2079 | 2079 | 1505 | 305.3 | 0.0 | 1974 | 9.30M |
| 7 | 1505 | 1974 | 2133 | 2133 | 1346 | 145.9 | 0.0 | 1974 | 6.34M |
| 8 | 1346 | 1974 | 2110 | 2110 | 1210 | 9.9 | 0.0 | 1974 | 3.73M |
| 9 | 1210 | 1974 | 2103 | 2103 | 1081 | 0.0 | 0.0 | 1974 | 3.20M |
| 10 | 1081 | 1974 | 2082 | 2082 | 972.8 | 0.0 | 0.0 | 1974 | 2.86M |
| 11 | 972.8 | 1974 | 2101 | 2101 | 846.1 | 0.0 | 0.0 | 1974 | 2.54M |
| 12 | 846.1 | 1974 | 2100 | 2100 | 720.3 | 0.0 | 0.0 | 1974 | 2.19M |
| 13 | 720.3 | 1974 | 2091 | 2091 | 603.3 | 0.0 | 0.0 | 1974 | 1.85M |
| 14 | 603.3 | 1974 | 2117 | 2117 | 460.9 | 0.0 | 0.0 | 1974 | 1.48M |
| 15 | 460.9 | 1974 | 2112 | 2112 | 323.2 | 0.0 | 0.0 | 1974 | 1.09M |
| 16 | 323.2 | 1974 | 2137 | 2137 | 159.8 | 0.0 | 0.0 | 1974 | 673820 |
| 17 | 159.8 | 1974 | 2101 | 2101 | 32.9 | 0.0 | 0.0 | 1974 | 268823 |
| 18 | 32.9 | 1974 | 2112 | 2007 | 0.0 | 0.0 | 104.7 | 1974 | 4.63M |
| 19 | 0.0 | 1974 | 2038 | 1974 | 0.0 | 0.0 | 63.9 | 1974 | 2.80M |
| 20 | 0.0 | 1974 | 2109 | 1974 | 0.0 | 0.0 | 135.2 | 1974 | 5.92M |
| 21 | 0.0 | 1974 | 2113 | 1974 | 0.0 | 0.0 | 138.9 | 1974 | 6.08M |
| 22 | 0.0 | 1974 | 2061 | 1974 | 0.0 | 0.0 | 86.5 | 1974 | 3.78M |
| 23 | 0.0 | 1974 | 2068 | 1974 | 0.0 | 0.0 | 94.2 | 1974 | 4.12M |
| 24 | 0.0 | 1974 | 2104 | 1974 | 0.0 | 0.0 | 129.6 | 1974 | 5.67M |
| 25 | 0.0 | 1974 | 2104 | 1974 | 0.0 | 0.0 | 129.4 | 1974 | 5.66M |
| 26 | 0.0 | 1974 | 2074 | 1974 | 0.0 | 0.0 | 100.2 | 1974 | 4.39M |
| 27 | 0.0 | 1974 | 2070 | 1974 | 0.0 | 0.0 | 95.7 | 1974 | 4.19M |
| 28 | 0.0 | 1974 | 2093 | 1974 | 0.0 | 0.0 | 118.6 | 1974 | 5.19M |
| 29 | 0.0 | 1974 | 2085 | 1974 | 0.0 | 0.0 | 111.3 | 1974 | 4.87M |
| 30 | 0.0 | 1974 | 2173 | 1974 | 0.0 | 0.0 | 199.1 | 1974 | 8.71M |

### JUL — Política `P_+5` (média 1000 sims)

| Dia | FilaIni | AdmIn | w_proc | Proc | FilaFim | Spill | Ocioso | AdmOut | Custo |
|----:|--------:|------:|-------:|-----:|--------:|------:|-------:|-------:|------:|
| 1 | 1200 | 3000 | 2095 | 2095 | 2105 | 904.7 | 0.0 | 2073 | 19.28M |
| 2 | 2105 | 2073 | 2082 | 2082 | 2095 | 895.5 | 0.0 | 2073 | 20.38M |
| 3 | 2095 | 2073 | 2101 | 2101 | 2067 | 867.3 | 0.0 | 2073 | 19.87M |
| 4 | 2067 | 2073 | 2114 | 2114 | 2026 | 825.7 | 0.0 | 2073 | 19.09M |
| 5 | 2026 | 2073 | 2093 | 2093 | 2005 | 805.2 | 0.0 | 2073 | 18.68M |
| 6 | 2005 | 2073 | 2079 | 2079 | 1999 | 798.8 | 0.0 | 2073 | 18.54M |
| 7 | 1999 | 2073 | 2133 | 2133 | 1938 | 738.2 | 0.0 | 2073 | 17.46M |
| 8 | 1938 | 2073 | 2110 | 2110 | 1901 | 700.9 | 0.0 | 2073 | 16.72M |
| 9 | 1901 | 2073 | 2103 | 2103 | 1870 | 670.3 | 0.0 | 2073 | 16.13M |
| 10 | 1870 | 2073 | 2082 | 2082 | 1861 | 661.2 | 0.0 | 2073 | 15.92M |
| 11 | 1861 | 2073 | 2101 | 2101 | 1833 | 633.1 | 0.0 | 2073 | 15.42M |
| 12 | 1833 | 2073 | 2100 | 2100 | 1806 | 606.1 | 0.0 | 2073 | 14.90M |
| 13 | 1806 | 2073 | 2091 | 2091 | 1788 | 587.8 | 0.0 | 2073 | 14.54M |
| 14 | 1788 | 2073 | 2117 | 2117 | 1744 | 544.1 | 0.0 | 2073 | 13.75M |
| 15 | 1744 | 2073 | 2112 | 2112 | 1705 | 505.1 | 0.0 | 2073 | 13.00M |
| 16 | 1705 | 2073 | 2137 | 2137 | 1640 | 440.4 | 0.0 | 2073 | 11.81M |
| 17 | 1640 | 2073 | 2101 | 2101 | 1612 | 412.2 | 0.0 | 2073 | 11.22M |
| 18 | 1612 | 2073 | 2112 | 2112 | 1573 | 373.3 | 0.0 | 2073 | 10.49M |
| 19 | 1573 | 2073 | 2038 | 2038 | 1608 | 408.0 | 0.0 | 2073 | 11.05M |
| 20 | 1608 | 2073 | 2109 | 2109 | 1572 | 371.5 | 0.0 | 2073 | 10.46M |
| 21 | 1572 | 2073 | 2113 | 2113 | 1531 | 331.3 | 0.0 | 2073 | 9.70M |
| 22 | 1531 | 2073 | 2061 | 2061 | 1544 | 343.6 | 0.0 | 2073 | 9.86M |
| 23 | 1544 | 2073 | 2068 | 2068 | 1548 | 348.0 | 0.0 | 2073 | 9.95M |
| 24 | 1548 | 2073 | 2104 | 2104 | 1517 | 317.1 | 0.0 | 2073 | 9.42M |
| 25 | 1517 | 2073 | 2104 | 2104 | 1486 | 286.4 | 0.0 | 2073 | 8.83M |
| 26 | 1486 | 2073 | 2074 | 2074 | 1485 | 284.9 | 0.0 | 2073 | 8.76M |
| 27 | 1485 | 2073 | 2070 | 2070 | 1488 | 287.9 | 0.0 | 2073 | 8.81M |
| 28 | 1488 | 2073 | 2093 | 2093 | 1468 | 268.1 | 0.0 | 2073 | 8.47M |
| 29 | 1468 | 2073 | 2085 | 2085 | 1455 | 255.5 | 0.0 | 2073 | 8.22M |
| 30 | 1455 | 2073 | 2173 | 2173 | 1355 | 155.1 | 0.0 | 2073 | 6.44M |

### JUL — Política `P_+10` (média 1000 sims)

| Dia | FilaIni | AdmIn | w_proc | Proc | FilaFim | Spill | Ocioso | AdmOut | Custo |
|----:|--------:|------:|-------:|-----:|--------:|------:|-------:|-------:|------:|
| 1 | 1200 | 3000 | 2095 | 2095 | 2105 | 904.7 | 0.0 | 2172 | 19.28M |
| 2 | 2105 | 2172 | 2082 | 2082 | 2194 | 994.2 | 0.0 | 2172 | 22.11M |
| 3 | 2194 | 2172 | 2101 | 2101 | 2265 | 1065 | 0.0 | 2172 | 23.48M |
| 4 | 2265 | 2172 | 2114 | 2114 | 2322 | 1122 | 0.0 | 2172 | 24.58M |
| 5 | 2322 | 2172 | 2093 | 2093 | 2400 | 1200 | 0.0 | 2172 | 26.04M |
| 6 | 2400 | 2172 | 2079 | 2079 | 2492 | 1292 | 0.0 | 2172 | 27.77M |
| 7 | 2492 | 2172 | 2133 | 2133 | 2530 | 1330 | 0.0 | 2172 | 28.57M |
| 8 | 2530 | 2172 | 2110 | 2110 | 2592 | 1392 | 0.0 | 2172 | 29.71M |
| 9 | 2592 | 2172 | 2103 | 2103 | 2660 | 1460 | 0.0 | 2172 | 30.99M |
| 10 | 2660 | 2172 | 2082 | 2082 | 2750 | 1550 | 0.0 | 2172 | 32.67M |
| 11 | 2750 | 2172 | 2101 | 2101 | 2820 | 1620 | 0.0 | 2172 | 34.03M |
| 12 | 2820 | 2172 | 2100 | 2100 | 2892 | 1692 | 0.0 | 2172 | 35.39M |
| 13 | 2892 | 2172 | 2091 | 2091 | 2972 | 1772 | 0.0 | 2172 | 36.91M |
| 14 | 2972 | 2172 | 2117 | 2117 | 3027 | 1827 | 0.0 | 2172 | 37.99M |
| 15 | 3027 | 2172 | 2112 | 2112 | 3087 | 1887 | 0.0 | 2172 | 39.12M |
| 16 | 3087 | 2172 | 2137 | 2137 | 3121 | 1921 | 0.0 | 2172 | 39.80M |
| 17 | 3121 | 2172 | 2101 | 2101 | 3191 | 1991 | 0.0 | 2172 | 41.09M |
| 18 | 3191 | 2172 | 2112 | 2112 | 3251 | 2051 | 0.0 | 2172 | 42.24M |
| 19 | 3251 | 2172 | 2038 | 2038 | 3385 | 2185 | 0.0 | 2172 | 44.67M |
| 20 | 3385 | 2172 | 2109 | 2109 | 3447 | 2247 | 0.0 | 2172 | 45.96M |
| 21 | 3447 | 2172 | 2113 | 2113 | 3505 | 2305 | 0.0 | 2172 | 47.07M |
| 22 | 3505 | 2172 | 2061 | 2061 | 3616 | 2416 | 0.0 | 2172 | 49.11M |
| 23 | 3616 | 2172 | 2068 | 2068 | 3720 | 2520 | 0.0 | 2172 | 51.08M |
| 24 | 3720 | 2172 | 2104 | 2104 | 3787 | 2587 | 0.0 | 2172 | 52.42M |
| 25 | 3787 | 2172 | 2104 | 2104 | 3855 | 2655 | 0.0 | 2172 | 53.71M |
| 26 | 3855 | 2172 | 2074 | 2074 | 3953 | 2753 | 0.0 | 2172 | 55.51M |
| 27 | 3953 | 2172 | 2070 | 2070 | 4054 | 2854 | 0.0 | 2172 | 57.44M |
| 28 | 4054 | 2172 | 2093 | 2093 | 4133 | 2933 | 0.0 | 2172 | 58.97M |
| 29 | 4133 | 2172 | 2085 | 2085 | 4219 | 3019 | 0.0 | 2172 | 60.60M |
| 30 | 4219 | 2172 | 2173 | 2173 | 4218 | 3018 | 0.0 | 2172 | 60.69M |
